a=[0.950000
0.498750
0.784542
0.580915
0.735671
0.613156
0.712918
0.629991
0.700019
0.640145
0.691854
0.646824
0.686312
0.651478
0.682364
0.654856
0.679451
0.657384
0.677245
0.659320
0.675538
0.660831
0.674195
0.662029
0.673124
];